$ANSIBLE_VAULT;1.1;AES256
30656366303763386439363564623262393336306562616665343131333264343534626663323664
6132376565653032633163336338386438373335653236350a316636376639353931663135383437
38666137656433663864633432643931316238353766636361333732333338663766376661626339
6435326532396462300a373235336561373738623066303739633037393138393938643935666366
31386634633762323264623636646433353632643466336333336235323463653338383363623362
66356265333936366531393062653731313937653735366334363731376331613435636163303738
66646361303938373366363430613566326464323666343139383832386665313634306364666635
62313636363733333733343132353461333836313464316565643837613436636264333561643935
33396435353762363830623962356134363261386531343061613934383763343334643534653531
35336364393632623561343632323231313434646162323762323832626336303736353836633431
33353732313637313237653636666563623032316238333233343033336132383463306461326537
38666533626134306137356137376466666266376334373436313339663736313530643330373135
32356635383964316263323038316366666663643938393538393162346536383036656162643932
66333230386539333865303062626565663533646663626663613062633761356439306637656331
37613362626431373064653235343237613236313836353664643736653932313932373433333835
61663233643839333338616435393664353863313335386237313133313433386664653266343765
34393936393232623939613164376132663030316165643631353530356565323530316230343533
61313363626464663662303536656633333265313462386364666362396139643530313732646666
30626533303830653431666530663338313032656331316262316464363536643637346639373231
62643563643864373036663133633636646635626666376335393938303934656431383639616339
33666164353561616466363830343330303462373932386433386264393431363634353062393930
36336464353432376336346338643861353035333561663039656262373737616539316631633063
35366333623534613666396337333563666231343033346334336230333738306666346333313935
30366135393261326334313538656134393932343037616134346365343037366361333239643061
64396166663766633132353230323437366434623062616331366233316665656231376339366632
35623139623335653132316234373065633337653136623434646235616135346162363038323862
36643137333630616238386361646562366261666337393939396165666436376561623332313431
37643565313665626437663865376437303738613435663634363032656137666264623432373034
33336338653036323734353162303966373762616231623765663864396531333463383863643561
32353633346436366163316236616135623832626162383538646364653432353162613136633630
32623538373232646166613734336636396431343465343137316634386430386233306262636438
61343562353832323039636134333532656638373765646237396130663836393361353366646565
63323038316530353135643663313439616634303333393736333230343265623132323538373766
31353838636339666534333761326537373564303031396233306363306137623731303866323931
63663764323234316234383935663335623633616332643739393737386637356131303634343036
38376433376434336436343638393737303035313834313532323463633262643437626461646364
62316465666331616139373839313138643936643630383665326461346634326138623664323636
36303733303462653739356437323662376466653966396431613461396464636333393961373264
30343939373937346662626461663539326362376666373637356566623135303335356335653361
37346330383437393966663662643739336637336430613230626565636565636435663336353033
38613765346133643463336538613636303332353437616633326662316530633766636534383830
31353938323663366332636564623635303338303838653733396665303833336165653562353765
65616539613738356261316664306538353637326364636464393764373966643164343661323836
35653330656534663761643264356138343864616432323032643063666234376165663330306664
34653033323061333933333839666230613338316230383861303138366133323333323263363132
31613661356133393434393636353162653961356535616366663761386634643035653635386265
34613436643737363736663464653538353734633533643363663135373830393363396330376238
34316539343238653363303232653031653835343139323361336232626665643664666138396138
65623639323233376531353162616438383837303032656239343538386363353662653333353234
65346135383264623436663730393836313465393635336663313735653662303533666264363264
61333439623836653165303834313063373838613534353132323436333965343965326465336237
33376665636330623231336638313962383161323130353134393334636434366132333466656337
61383163636636363466336661393662363362326561616138383262306236646638313266636637
64346530336563393366363737346332373465353839643361616233653835343964626533353039
33376331303433666234623862663238316136383234383131643032616665643632376330373937
36653032623431313261306239306438346465643436623965353330323535393634663032326537
65313261646565656233376136626435663533616230386136313937393263613662356362653432
34346661623733323333373232323864383162353766623236633965646438356437303965343633
39656462336265323837363135373139343266393161386363626361316639343138626332623839
34646439363333656236613232646437333430326336376632393037353363303831383731626365
61653362306432623231363133343730363334383663333532343632393339343238396331613665
31626133333930373233656266663561303865336438316432393039323063373730313832396135
66383462656365326134323534373535656338656338383766343764353731373963613062613764
30306636306531353166353962353030613138323261326636663863616365623730333066373432
65353732613131323931383166643666656439313630356338636136373236643337633861333634
39343033653837336164646362646266643336333332313238636635346265306532383531303630
39356431623933633939613231346566363062383536373630626332643031363437666463353565
65303036646261353330353065336532396163663431653433616531313966386366336466396433
35353334613438373032613961623439353434393038363938663366303231373166616361636463
36623930623539353932316163366534396666363763623261633535376566356132306332346566
66363464653534613034653932303235383938356437353235656330633766333132323237613762
39353965346233653532383064323036663236326533353965383737343431653461313262386166
34623433346332373562333531373366343761353035386162373266343864363331313363383234
61333731313137343838316235376530663238623031346538343634396633653436646265383230
36333766643961306164333537373532643966653166653764643663353162653762386231353237
64633233626162303430616331303033633962373833616363303162326331633364653334613362
38326238613165633333373266663961323331623530613465343362323138303631366636653233
32343666633331643939303130306139316563376334656536326533626661363566303561653634
65663839643539623265623633386463313662633966326538653538383834626362373566613632
32376462386465663839343734636133663538666130613932653839333063646361613337643064
39303639653663383362343839373537316638346235373935333765396536633732373430366261
33336464643634326164633035393361626461333132363630616335356636326563653934356562
31366366386266386162366132393864666637623737346632316438646133653963353862616539
31636335326433623532386532613563333535326235623537653038663936336165653637643665
31613334383837633238333161303038303332386530613330623639643538623636356564663332
33383734613931346163363333613734373534626631636332323134636661303733366136343134
33303966323966303434646133336166373131346232373730333833366431643361613939313565
31386131643630373838393133623861396662316132633732313733323331626464303735636231
30333432373033343361643030333665353133343533623430383435633530633331306165633065
37326133666534396134353537656338383732636135363839323763333537353037363435383538
65653233376337313230633333656462636234393061396532353936666663616436373365666430
30633265666133396237666138636231633363386432633436313437373236383861336137363737
32623466346536613230393361633936646633613032356538663065383333353233643361646531
30363231646262346635316366646537373062323863343831653730666662396561653566636435
37626433626562656336653836646630336366613436626566356661616136366132396131323435
31396436386231653362633936623438623130623337333066313065363761383135366534393662
63333038363638663434346634383363613964393164636365323766363231396237336565663235
62626562386565323365613835363864626636373434313739303733366635653435346336643661
32303065323939656661373739333533346361643239333832363734663239636465383963646330
37643635663662316436326164643534373631373135623363616336616265356366306332343330
30343462396437613134653531663230303237366461646266376339333537326136653464373330
65393539616536303731353866306239636535376362643732366466383137643130346236633962
36363766626331343334616330626337383738666564643035363430656435643765643333386163
64396231636535336235333766616535623533353934643261393837613436376133323063393035
63323364346237303262316565373562393634613035323835616333393034653935336437313739
33616530376339346266663962353662646662383731363038613833633630396239666264613563
65326531333639376139643633666265646164623034383165616233396662383263363131326537
34633464633434326435633737636534653437626361623833613035333532346237313332623630
66616566643935356132356234613930393830373535366338326432656231353366393233373763
36353966623831653433646436326131303030663336386661633361383539376333646432323266
33396230653536316164393731306562303461393033623031323734626661323130613965366633
37653430623230356466663766613963643438396432363930323961333637393134386138613239
61613334306436653062653661346165326565363039306663366238656632363630316632623637
66376233663335376433626465366630376361336634623666663536386165323563653838643835
61393264666533386235376634313865623333343836343966373732306339646334343930653333
61363662613330326234396266626536636339366635663763386334373839326633353138393332
37326439353730393137393232333662646337353136623839396636363035373032666331353737
62656466383737646161336663663436666165633366353364316463396131303762646664356432
35383966383331653538356365633637393761333132363838343461396331613530386631646632
65613363336364646563366265636262633634623931346639656632356139306563373966633463
65653539376538333730636239376431623237393537393831636166333237343966313933366561
30623466386464363466303135306336643636323063303961326139313533323432313832666264
35633430303436373230323139333562656262346237316562613333656632646532303764396261
39326237393134636464366364313435616635663039303236393662316339613431363134653535
33326633383466643033663830353533386662666131653336386334656130353838623430363766
31663261616639363137623562393961383063656439666463356564633162626533366535326631
63396230396365393237333265646534636630376562613135316534396363303736653366643732
32343731363935316533376130633238313565346264396231633262643665626631316163626630
38373263623031633965356561353662346633633534336538323036343434333038383631363431
64313736346661626136343861376534313563336534373837306136656664636533643232386230
30353766323264326562353135333538633033653339386562303165396632616463643933646336
62313163663737356235366530666634343538306432366332653735373337613865343035366565
33636362616436663436303766343739343264336465333933633231306238383335316665386133
66666537323865306232663066653365643663366138383136343463323630386337616336313965
656163323262623233313362616463613435
